cam_model: Pinhole
cam_width: 752
cam_height: 480
cam_fx: 461.6
cam_fy: 460.3
cam_cx: 363.0
cam_cy: 248.1
cam_d0: -0.2917
cam_d1: 0.08228
cam_d2: 0.00005333 
cam_d3: -0.0001578

