cam_model: Pinhole
cam_width: 640
cam_height: 480
cam_fx: 621.94176
cam_fy: 625.35610
cam_cx: 318.77554
cam_cy: 236.21507
cam_d0: 0.0
cam_d1: 0.0
cam_d2: 0.0
cam_d3: 0.0

