cam_model: Pinhole
cam_width: 640
cam_height: 480
cam_fx: 520.908620
cam_fy: 521.007327
cam_cx: 325.141442
cam_cy: 249.701764
cam_d0: 0.231222
cam_d1: -0.784899
cam_d2: -0.003257
cam_d3: -0.000105

