%YAML:1.0
extrinsicRotation: !!opencv-matrix
   rows: 3
   cols: 3
   dt: d
   data: [ -2.1693117539441231e-01, 5.8622532463348975e-01,
       -7.8056436883857250e-01, -3.7489303318569200e-01,
       6.8825977351703971e-01, 6.2109073236291734e-01,
       9.0133017191861009e-01, 4.2736208642863138e-01,
       7.0466788436372330e-02 ]
extrinsicTranslation: !!opencv-matrix
   rows: 3
   cols: 1
   dt: d
   data: [ 1.0119736940542650e+00, -4.3224679502269242e-01,
       1.1129433425356394e+00 ]
