%YAML:1.0
extrinsicRotation: !!opencv-matrix
   rows: 3
   cols: 3
   dt: d
   data: [ 7.4870847027305443e-01, 5.7106042006408531e-01,
       -3.3663871312968929e-01, 4.7653491059909514e-01,
       -1.1063774733766074e-01, 8.7216613546064736e-01,
       4.6081461079450936e-01, -8.1341827217015372e-01,
       -3.5496564478555737e-01 ]
extrinsicTranslation: !!opencv-matrix
   rows: 3
   cols: 1
   dt: d
   data: [ 1.7195553739139582e-01, -2.2309595454390527e-01,
       -7.4214235014780483e-01 ]
