%YAML:1.0
extrinsicRotation: !!opencv-matrix
   rows: 3
   cols: 3
   dt: d
   data: [ 9.9998702030976905e-01, -1.1186801438348656e-03,
       4.9706907694284687e-03, 1.0887766385167077e-03,
       9.9998131937387780e-01, 6.0146046179366227e-03,
       -4.9773263325717382e-03, -6.0091145782447753e-03,
       9.9996955791892217e-01 ]
extrinsicTranslation: !!opencv-matrix
   rows: 3
   cols: 1
   dt: d
   data: [ 5.0904133798904787e-02, 2.0781022494591895e-02,
       3.2320962006178788e-02 ]
